        1    13.000     1.000     1.000
        2   -38.500     0.000     1.000
        3     4.000     1.000     1.000
        4     0.500     2.000     1.000
        5     2.000     1.000     1.000
        6   -14.000     3.000     1.000
        7    -5.000     1.000     1.000
        8   -40.500     1.000     1.000
        9    10.000     2.000     1.000
       10    27.000     1.000     1.000
       11    16.000     1.000     1.000
       12   -81.500     2.000     1.000
       13   -57.500     2.000     1.000
       14   -32.500     3.000     1.000
       15   -56.000     2.000     1.000
       16    70.000     2.000     1.000
       17     7.000     1.000     1.000
       18   -50.500     1.000     1.000
       19    -8.000     4.000     1.000
       20    -3.000     1.000     1.000
       21   -71.500     3.000     1.000
       22   -45.500     2.000     1.000
       23    11.000     3.000     1.000
       24    29.000     0.000     1.000
       25   -65.500     1.000     1.000
       26    -2.000     2.000     1.000
       27    -9.500     1.000     1.000
       28     8.000     2.000     1.000
       29   -55.500     2.000     1.000
       30   -53.000     0.000     1.000
       31   -60.000     2.000     1.000
       32    17.000     2.000     1.000
       33   -65.000     2.000     1.000
       34   -36.000     2.000     1.000
       35    30.000     3.000     1.000
       36    31.000     1.000     1.000
       37   -19.000     1.000     1.000
       38    19.500     1.000     1.000
       39   -65.500     1.000     1.000
       40    49.000     2.000     1.000
       41   -71.500     1.000     1.000
       42    12.000     1.000     1.000
       43    23.000     2.000     1.000
       44    87.000     1.000     1.000
       45    19.000     2.000     1.000
       46   -10.000     1.000     1.000
       47   -54.500     2.000     1.000
       48    23.000     2.000     1.000
       49    31.000     1.000     1.000
       50     8.000     2.000     1.000
       51    27.000     1.000     1.000
       52   -85.500     0.000     1.000
       53    14.000     2.000     1.000
       54    18.000     2.000     1.000
       55    28.000     4.000     1.000
       56    -1.000     1.000     1.000
       57   -68.000     2.000     1.000
       58   -70.500     2.000     1.000
       59    49.000     1.000     1.000
       60   -55.500     1.000     1.000
       61     0.000     1.000     1.000
       62    12.000     2.000     1.000
       63     0.000     1.000     1.000
       64   -75.500     1.000     1.000
       65   -17.000     3.000     1.000
       66   -71.500     2.000     1.000
       67   -58.000     2.000     1.000
       68    19.000     2.000     1.000
       69    29.000     1.000     1.000
       70   -20.500     2.000     1.000
       71     4.000     3.000     1.000
       72     7.000     3.000     1.000
       73   -60.500     1.000     1.000
       74    16.000     1.000     1.000
       75   -22.000     3.000     1.000
       76     1.000     2.000     1.000
       77    34.000     3.000     1.000
       78    23.000     2.000     1.000
       79   -63.000     0.000     1.000
       80   -19.000     1.000     1.000
       81    47.000     1.000     1.000
       82   -17.000     1.000     1.000
       83    22.000     1.000     1.000
       84   -12.500     2.000     1.000
       85   -35.000     1.000     1.000
       86   -20.500     0.000     1.000
       87   -40.500     1.000     1.000
       88     5.500     1.000     1.000
       89    13.000     2.000     1.000
       90     9.500     1.000     1.000
       91     3.000     1.000     1.000
       92   -27.000     1.000     1.000
       93    39.000     1.000     1.000
       94   -57.500     1.000     1.000
       95   -72.000     2.000     1.000
       96    22.000     1.000     1.000
       97    14.500     2.000     1.000
       98   -41.500     1.000     1.000
       99   -54.000     1.000     1.000
      100    26.000     1.000     1.000
      101   -12.500     2.000     1.000
      102     6.500     1.000     1.000
      103   -39.500     1.000     1.000
      104    20.000     2.000     1.000
      105    19.000     2.000     1.000
      106   -23.000     2.000     1.000
      107   -52.000     1.000     1.000
      108   -26.500     3.000     1.000
      109   -72.500     0.000     1.000
      110    23.000     1.000     1.000
      111    22.000     1.000     1.000
      112     1.000     2.000     1.000
      113   -84.500     3.000     1.000
      114   -18.000     2.000     1.000
      115   -48.000     1.000     1.000
      116    18.000     1.000     1.000
      117    18.000     2.000     1.000
      118     0.500     1.000     1.000
      119    12.000     1.000     1.000
      120   -17.500     0.000     1.000
      121   -24.000     2.000     1.000
      122    26.000     2.000     1.000
      123   -42.000     2.000     1.000
      124     8.000     2.000     1.000
      125   -19.000     0.000     1.000
      126    26.000     4.000     1.000
      127   -12.000     2.000     1.000
      128   -29.000     1.000     1.000
      129   -84.500     1.000     1.000
      130    18.000     2.000     1.000
      131   -38.500     2.000     1.000
      132    47.000     1.000     1.000
      133   -55.500     1.000     1.000
      134   -18.500     2.000     1.000
      135   -71.500     1.000     1.000
      136    34.500     1.000     1.000
      137    -4.500     1.000     1.000
      138    30.000     0.000     1.000
      139    24.000     2.000     1.000
      140    14.000     0.000     1.000
      141   -41.500     1.000     1.000
      142    -5.500     0.000     1.000
      143   -16.500     3.000     1.000
      144     4.000     2.000     1.000
      145    14.000     2.000     1.000
      146    20.000     1.000     1.000
      147   -15.000     1.000     1.000
      148   -19.500     2.000     1.000
      149   -14.500     2.000     1.000
      150   -11.500     2.000     1.000
      151   -17.500     2.000     1.000
      152   -16.500     1.000     1.000
      153   -47.500     1.000     1.000
      154   -74.500     2.000     1.000
      155   -33.500     2.000     1.000
      156   -52.000     1.000     1.000
      157   -17.500     2.000     1.000
      158     8.000     1.000     1.000
      159    23.000     2.000     1.000
      160   -73.500     2.000     1.000
      161     3.500     1.000     1.000
      162   -30.500     1.000     1.000
      163    75.000     2.000     1.000
      164   -24.000     2.000     1.000
      165   -69.000     1.000     1.000
      166     1.000     2.000     1.000
      167   -29.000     1.000     1.000
      168   -57.500     2.000     1.000
      169   -33.500     1.000     1.000
      170    -7.000     1.000     1.000
      171   -49.500     1.000     1.000
      172   -11.000     0.000     1.000
      173   -27.000     2.000     1.000
      174    48.000     0.000     1.000
      175   -17.500     1.000     1.000
      176   -32.000     2.000     1.000
      177   -67.500     1.000     1.000
      178   -26.000     1.000     1.000
      179    19.000     2.000     1.000
      180    24.000     1.000     1.000
      181   -51.500     1.000     1.000
      182   -38.500     1.000     1.000
      183   -22.500     1.000     1.000
      184   -79.500     2.000     1.000
      185    20.000     1.000     1.000
      186   -54.000     2.000     1.000
      187    48.000     0.000     1.000
      188     0.500     2.000     1.000
      189    31.000     2.000     1.000
      190   -13.500     2.000     1.000
      191     9.000     2.000     1.000
      192   -62.500     2.000     1.000
      193   -67.500     1.000     1.000
      194   -45.000     2.000     1.000
      195    13.500     2.000     1.000
      196    39.000     1.000     1.000
      197    14.000     1.000     1.000
      198    -5.500     2.000     1.000
      199    -5.500     2.000     1.000
      200   -74.000     2.000     1.000
